Energy:
0
75453.7
42072.6
39114.1
40665.9
41834
42743
43584.6
44420
45222.6
45942.6
46543.4
47015.6
47369.5
47626.7
47812.1
47949.3
48060.7
48166.6
48283.4
48424.2
48597.3
48805.7
49048.3
49320.6
49615.9
49925.6
50242.5
50558.8
50868.7
51168.3
51454.2
51725.5
51982.4
52225.2
52456.1
52676.8
52890.2
53097.4
53301.6
53503.5
53704.6
53906.2
54108.1
54310.4
54513.8
54717
54919.5
55121.1
55320.9
55518.1
55712.3
55902.4
56088.9
56270.8
56448.6
56622.3
56791.5
56957.1
57119.5
57278.8
57435.9
57590.9
57744.4
57897.4
58048.5
58200.1
58351
58501.4
58651.9
58802.2
58952.2
59102
59251.1
59400
59547.7
59694.6
59840.5
59985.5
60128.5
60271.1
60412.4
60553
60691.6
60829.5
60966.6
61103.1
61238.5
61372.9
61506.9
61640.9
61773.8
61906.7
62039.2
62171.3
62303.2
62434.2
62565.4
62696.3
62826.5
62956.9
63086.2
63215.5
63344
63472.5
63600.3
63727.6
63854.6
63981
64106.6
64232
64356.2
64480
64603.6
64726.7
64848.9
64970.5
65091
65211.4
65330.3
65449.6
65567.7
65684.9
65801.8
65917.8
66032.6
66146.7
66260.3
66373.3
66484.8
66595.8
66706.3
66815.6
66924.1
67031.9
67138.7
67245.4
67350.5
