Time:
0.016
0.03
0.044
0.059
0.074
0.089
0.103
0.117
0.131
0.145
0.158
0.172
0.186
0.2
0.214
0.229
0.244
0.258
0.272
0.285
0.298
0.312
0.326
0.34
0.355
0.369
0.384
0.398
0.412
0.427
0.441
0.455
0.469
0.483
0.497
0.511
0.526
0.54
0.555
0.569
0.583
0.597
0.611
0.625
0.639
0.654
0.67
0.684
0.698
0.712
0.726
0.74
0.754
0.768
0.782
0.796
0.81
0.825
0.84
0.854
0.869
0.883
0.897
0.911
0.925
0.94
0.954
0.969
0.984
0.998
1.012
1.026
1.04
1.054
1.068
1.082
1.096
1.111
1.126
1.141
1.155
1.169
1.183
1.197
1.211
1.225
1.239
1.254
1.269
1.283
1.297
1.311
1.325
1.338
1.352
1.366
1.379
1.394
1.409
1.424
1.438
1.453
1.467
1.481
1.494
1.508
1.522
1.536
1.55
1.564
1.578
1.592
1.606
1.62
1.634
1.648
1.662
1.676
1.689
1.704
1.719
1.734
1.749
1.763
1.777
1.791
1.804
1.818
1.833
1.848
1.862
1.877
1.892
1.906
1.92
1.933
1.947
